39482095263
52
53
6
7509658495729857259834643]
54464339482095263
52
53
6
7509658495729857259834643]
544643
39482095263
52
53
6
7509658495729857259834643]
544643
39482095263
52
53
6
7509658495729857259834643]
544643
39482095263
52
53
6
7509658495729857259834643]
544643
39482095263
52
53
6
7509658495729857259834643]
544643
39482095263
52
53
6
7509658495729857259834643]
544643
39482095263
52
53
6
7509658495729857259834643]
544643
39482095263
52
53
6
7509658495729857259834643]
544643
39482095263
52
53
6
7509658495729857259834643]
544643
39482095263
52
53
6
7509658495729857259834643]
544643
39482095263
52
53
6
7509658495729857259834643]
544643
394820952634
52329389432749836583
53
6
7509658495729857259834643]
544643
39482095263
52
53
6
7509658495729857259834643]
544643

